---
title: "Fractal Julia"
author: "crsd"
date: "31 de Octubre de 2019"
output: 
      html_document:
        code_folding: hide
        css: air.css
        highlight: tango
        keep_md: yes
        theme: united
        toc: yes
        toc_float: yes
---

<style>
.list-group-item.active, .list-group-item.active:focus, .list-group-item.active:hover {
    background-color: #2F184F;
}
</style>




# Resumen

Continuando con el tema de [fractales](https://rpubs.com/desareca/Fractales) vistos, se explorarán algunas carácterísticas de los **Fractales de Julia**, al modificar el plano inicial complejo.

# Introducción

Los conjuntos de Julia, así llamados por el matemático Gaston Julia, son una familia
de conjuntos fractales que se obtienen al estudiar el comportamiento de los números
complejos al ser iterados por una [función holomorfa](https://es.wikipedia.org/wiki/Funci%C3%B3n_holomorfa). El conjunto de Julia de una función holomorfa $f(z)$ está construido por aquellos puntos que bajo la iteración de $f(z)$ tienen comportamiento "cáotico". El conjunto se denota $J(f)$, tal que:


$$J(f) := \{z \in \mathbb{C}, f^{n}(z) \to converge\}$$

$$f^{1}(z) = f(z)$$

$$f^{n}(z) = f(f^{n-1}(z))$$

De acuerdo a lo anterior, el **Conjunto de Julia** de la función $f$ está formado por los puntos del plano complejo para los cuales las iteraciones de la función en dichos puntos constituyen una sucesión no divergente.


# Plano Inicial Complejo.

El **Fractal de Julia** se carácteriza por aplicar una función compleja sobre el plano complejo de manera iterativa. Este plano representa un espacio de números complejos, 
donde el eje $x$ es la componente *Real* y el eje $y$ es la componente *Imaginaria*.

Al visualizar este plano se tiene un cono para el módulo $\|z\|$ y una forma helocoidal para la fase $\phi(z)$.



<!--html_preserve--><div id="rgl51663" style="width:700px;height:350px;" class="rglWebGL html-widget"></div>
<script type="application/json" data-for="rgl51663">{"x":{"material":{"color":"#000000","alpha":1,"lit":true,"ambient":"#000000","specular":"#FFFFFF","emission":"#000000","shininess":50,"smooth":true,"front":"filled","back":"filled","size":3,"lwd":1,"fog":false,"point_antialias":false,"line_antialias":false,"texture":null,"textype":"rgb","texmipmap":false,"texminfilter":"linear","texmagfilter":"linear","texenvmap":false,"depth_mask":true,"depth_test":"less","isTransparent":false,"polygon_offset":[0,0]},"rootSubscene":1,"objects":{"9":{"id":9,"type":"surface","material":{},"vertices":[[1,1,1.41421353816986],[2,1,1.40000140666962],[3,1,1.38593804836273],[4,1,1.37202799320221],[5,1,1.35827600955963],[6,1,1.34468686580658],[7,1,1.33126556873322],[8,1,1.31801736354828],[9,1,1.30494725704193],[10,1,1.29206097126007],[11,1,1.27936375141144],[12,1,1.26686155796051],[13,1,1.25456011295319],[14,1,1.24246525764465],[15,1,1.23058331012726],[16,1,1.21892035007477],[17,1,1.20748269557953],[18,1,1.19627690315247],[19,1,1.1853095293045],[20,1,1.17458724975586],[21,1,1.16411674022675],[22,1,1.15390503406525],[23,1,1.14395892620087],[24,1,1.13428544998169],[25,1,1.1248916387558],[26,1,1.11578452587128],[27,1,1.10697114467621],[28,1,1.09845876693726],[29,1,1.09025418758392],[30,1,1.08236455917358],[31,1,1.07479679584503],[32,1,1.06755781173706],[33,1,1.0606541633606],[34,1,1.05409252643585],[35,1,1.04787933826447],[36,1,1.04202091693878],[37,1,1.03652310371399],[38,1,1.03139173984528],[39,1,1.02663242816925],[40,1,1.02225017547607],[41,1,1.01824998855591],[42,1,1.01463627815247],[43,1,1.01141333580017],[44,1,1.00858473777771],[45,1,1.00615394115448],[46,1,1.00412368774414],[47,1,1.00249660015106],[48,1,1.00127458572388],[49,1,1.00045907497406],[50,1,1.00005102157593],[51,1,1.00005102157593],[52,1,1.00045907497406],[53,1,1.00127458572388],[54,1,1.00249660015106],[55,1,1.00412368774414],[56,1,1.00615394115448],[57,1,1.00858473777771],[58,1,1.01141333580017],[59,1,1.01463627815247],[60,1,1.01824998855591],[61,1,1.02225017547607],[62,1,1.02663242816925],[63,1,1.03139173984528],[64,1,1.03652310371399],[65,1,1.04202091693878],[66,1,1.04787933826447],[67,1,1.05409252643585],[68,1,1.0606541633606],[69,1,1.06755781173706],[70,1,1.07479679584503],[71,1,1.08236455917358],[72,1,1.09025418758392],[73,1,1.09845876693726],[74,1,1.10697114467621],[75,1,1.11578452587128],[76,1,1.1248916387558],[77,1,1.13428544998169],[78,1,1.14395892620087],[79,1,1.15390503406525],[80,1,1.16411674022675],[81,1,1.17458724975586],[82,1,1.1853095293045],[83,1,1.19627690315247],[84,1,1.20748269557953],[85,1,1.21892035007477],[86,1,1.23058331012726],[87,1,1.24246525764465],[88,1,1.25456011295319],[89,1,1.26686155796051],[90,1,1.27936375141144],[91,1,1.29206097126007],[92,1,1.30494725704193],[93,1,1.31801736354828],[94,1,1.33126556873322],[95,1,1.34468686580658],[96,1,1.35827600955963],[97,1,1.37202799320221],[98,1,1.38593804836273],[99,1,1.40000140666962],[100,1,1.41421353816986],[1,2,1.40000140666962],[2,2,1.38564360141754],[3,2,1.37143301963806],[4,2,1.35737431049347],[5,2,1.34347236156464],[6,2,1.32973194122314],[7,2,1.31615817546844],[8,2,1.30275619029999],[9,2,1.28953146934509],[10,2,1.27648949623108],[11,2,1.26363599300385],[12,2,1.2509765625],[13,2,1.23851728439331],[14,2,1.22626423835754],[15,2,1.21422374248505],[16,2,1.20240211486816],[17,2,1.19080579280853],[18,2,1.17944157123566],[19,2,1.16831624507904],[20,2,1.1574364900589],[21,2,1.1468094587326],[22,2,1.13644218444824],[23,2,1.12634193897247],[24,2,1.11651575565338],[25,2,1.10697114467621],[26,2,1.09771537780762],[27,2,1.08875584602356],[28,2,1.0800998210907],[29,2,1.07175481319427],[30,2,1.06372797489166],[31,2,1.05602669715881],[32,2,1.04865801334381],[33,2,1.04162919521332],[34,2,1.03494691848755],[35,2,1.0286180973053],[36,2,1.02264928817749],[37,2,1.01704680919647],[38,2,1.01181674003601],[39,2,1.006964802742],[40,2,1.00249660015106],[41,2,0.998417258262634],[42,2,0.994731545448303],[43,2,0.991443872451782],[44,2,0.988558173179626],[45,2,0.986077964305878],[46,2,0.984006345272064],[47,2,0.982345938682556],[48,2,0.981098771095276],[49,2,0.980266451835632],[50,2,0.979850053787231],[51,2,0.979850053787231],[52,2,0.980266451835632],[53,2,0.981098771095276],[54,2,0.982345938682556],[55,2,0.984006345272064],[56,2,0.986077964305878],[57,2,0.988558173179626],[58,2,0.991443872451782],[59,2,0.994731545448303],[60,2,0.998417258262634],[61,2,1.00249660015106],[62,2,1.006964802742],[63,2,1.01181674003601],[64,2,1.01704680919647],[65,2,1.02264928817749],[66,2,1.0286180973053],[67,2,1.03494691848755],[68,2,1.04162919521332],[69,2,1.04865801334381],[70,2,1.05602669715881],[71,2,1.06372797489166],[72,2,1.07175481319427],[73,2,1.0800998210907],[74,2,1.08875584602356],[75,2,1.09771537780762],[76,2,1.10697114467621],[77,2,1.11651575565338],[78,2,1.12634193897247],[79,2,1.13644218444824],[80,2,1.1468094587326],[81,2,1.1574364900589],[82,2,1.16831624507904],[83,2,1.17944157123566],[84,2,1.19080579280853],[85,2,1.20240211486816],[86,2,1.21422374248505],[87,2,1.22626423835754],[88,2,1.23851728439331],[89,2,1.2509765625],[90,2,1.26363599300385],[91,2,1.27648949623108],[92,2,1.28953146934509],[93,2,1.30275619029999],[94,2,1.31615817546844],[95,2,1.32973194122314],[96,2,1.34347236156464],[97,2,1.35737431049347],[98,2,1.37143301963806],[99,2,1.38564360141754],[100,2,1.40000140666962],[1,3,1.38593804836273],[2,3,1.37143301963806],[3,3,1.35707366466522],[4,3,1.34286463260651],[5,3,1.32881081104279],[6,3,1.31491720676422],[7,3,1.30118894577026],[8,3,1.28763115406036],[9,3,1.27424955368042],[10,3,1.26104950904846],[11,3,1.24803698062897],[12,3,1.23521769046783],[13,3,1.22259783744812],[14,3,1.21018362045288],[15,3,1.19798147678375],[16,3,1.18599796295166],[17,3,1.17423975467682],[18,3,1.16271352767944],[19,3,1.1514265537262],[20,3,1.14038574695587],[21,3,1.12959825992584],[22,3,1.11907160282135],[23,3,1.10881304740906],[24,3,1.0988302230835],[25,3,1.08913064002991],[26,3,1.07972192764282],[27,3,1.07061171531677],[28,3,1.06180787086487],[29,3,1.05331790447235],[30,3,1.04514956474304],[31,3,1.03731024265289],[32,3,1.02980780601501],[33,3,1.02264928817749],[34,3,1.01584231853485],[35,3,1.0093936920166],[36,3,1.00331056118011],[37,3,0.997599422931671],[38,3,0.992266774177551],[39,3,0.987318813800812],[40,3,0.982761323451996],[41,3,0.978599727153778],[42,3,0.97483903169632],[43,3,0.971484065055847],[44,3,0.968538880348206],[45,3,0.96600729227066],[46,3,0.963892579078674],[47,3,0.962197422981262],[48,3,0.96092414855957],[49,3,0.960074305534363],[50,3,0.95964914560318],[51,3,0.95964914560318],[52,3,0.960074305534363],[53,3,0.96092414855957],[54,3,0.962197422981262],[55,3,0.963892579078674],[56,3,0.96600729227066],[57,3,0.968538880348206],[58,3,0.971484065055847],[59,3,0.97483903169632],[60,3,0.978599727153778],[61,3,0.982761323451996],[62,3,0.987318813800812],[63,3,0.992266774177551],[64,3,0.997599422931671],[65,3,1.00331056118011],[66,3,1.0093936920166],[67,3,1.01584231853485],[68,3,1.02264928817749],[69,3,1.02980780601501],[70,3,1.03731024265289],[71,3,1.04514956474304],[72,3,1.05331790447235],[73,3,1.06180787086487],[74,3,1.07061171531677],[75,3,1.07972192764282],[76,3,1.08913064002991],[77,3,1.0988302230835],[78,3,1.10881304740906],[79,3,1.11907160282135],[80,3,1.12959825992584],[81,3,1.14038574695587],[82,3,1.1514265537262],[83,3,1.16271352767944],[84,3,1.17423975467682],[85,3,1.18599796295166],[86,3,1.19798147678375],[87,3,1.21018362045288],[88,3,1.22259783744812],[89,3,1.23521769046783],[90,3,1.24803698062897],[91,3,1.26104950904846],[92,3,1.27424955368042],[93,3,1.28763115406036],[94,3,1.30118894577026],[95,3,1.31491720676422],[96,3,1.32881081104279],[97,3,1.34286463260651],[98,3,1.35707366466522],[99,3,1.37143301963806],[100,3,1.38593804836273],[1,4,1.37202799320221],[2,4,1.35737431049347],[3,4,1.34286463260651],[4,4,1.32850360870361],[5,4,1.31429624557495],[6,4,1.30024755001068],[7,4,1.28636276721954],[8,4,1.27264714241028],[9,4,1.25910615921021],[10,4,1.2457457780838],[11,4,1.23257160186768],[12,4,1.21958982944489],[13,4,1.2068065404892],[14,4,1.19422817230225],[15,4,1.18186140060425],[16,4,1.16971266269684],[17,4,1.1577889919281],[18,4,1.14609742164612],[19,4,1.13464522361755],[20,4,1.12343943119049],[21,4,1.11248767375946],[22,4,1.1017974615097],[23,4,1.09137666225433],[24,4,1.08123278617859],[25,4,1.07137393951416],[26,4,1.06180787086487],[27,4,1.0525426864624],[28,4,1.04358637332916],[29,4,1.03494691848755],[30,4,1.02663242816925],[31,4,1.01865065097809],[32,4,1.01100969314575],[33,4,1.00371718406677],[34,4,0.996780872344971],[35,4,0.990208148956299],[36,4,0.984006345272064],[37,4,0.978182554244995],[38,4,0.972743511199951],[39,4,0.967695772647858],[40,4,0.963045358657837],[41,4,0.958798170089722],[42,4,0.954959571361542],[43,4,0.951534450054169],[44,4,0.948527336120605],[45,4,0.945942223072052],[46,4,0.94378250837326],[47,4,0.94205117225647],[48,4,0.940750598907471],[49,4,0.939882576465607],[50,4,0.939448237419128],[51,4,0.939448237419128],[52,4,0.939882576465607],[53,4,0.940750598907471],[54,4,0.94205117225647],[55,4,0.94378250837326],[56,4,0.945942223072052],[57,4,0.948527336120605],[58,4,0.951534450054169],[59,4,0.954959571361542],[60,4,0.958798170089722],[61,4,0.963045358657837],[62,4,0.967695772647858],[63,4,0.972743511199951],[64,4,0.978182554244995],[65,4,0.984006345272064],[66,4,0.990208148956299],[67,4,0.996780872344971],[68,4,1.00371718406677],[69,4,1.01100969314575],[70,4,1.01865065097809],[71,4,1.02663242816925],[72,4,1.03494691848755],[73,4,1.04358637332916],[74,4,1.0525426864624],[75,4,1.06180787086487],[76,4,1.07137393951416],[77,4,1.08123278617859],[78,4,1.09137666225433],[79,4,1.1017974615097],[80,4,1.11248767375946],[81,4,1.12343943119049],[82,4,1.13464522361755],[83,4,1.14609742164612],[84,4,1.1577889919281],[85,4,1.16971266269684],[86,4,1.18186140060425],[87,4,1.19422817230225],[88,4,1.2068065404892],[89,4,1.21958982944489],[90,4,1.23257160186768],[91,4,1.2457457780838],[92,4,1.25910615921021],[93,4,1.27264714241028],[94,4,1.28636276721954],[95,4,1.30024755001068],[96,4,1.31429624557495],[97,4,1.32850360870361],[98,4,1.34286463260651],[99,4,1.35737431049347],[100,4,1.37202799320221],[1,5,1.35827600955963],[2,5,1.34347236156464],[3,5,1.32881081104279],[4,5,1.31429624557495],[5,5,1.29993367195129],[6,5,1.28572809696198],[7,5,1.27168464660645],[8,5,1.2578090429306],[9,5,1.24410665035248],[10,5,1.23058331012726],[11,5,1.21724510192871],[12,5,1.20409798622131],[13,5,1.19114851951599],[14,5,1.17840301990509],[15,5,1.1658684015274],[16,5,1.15355122089386],[17,5,1.14145886898041],[18,5,1.12959825992584],[19,5,1.11797690391541],[20,5,1.10660243034363],[21,5,1.09548234939575],[22,5,1.08462464809418],[23,5,1.07403707504272],[24,5,1.06372797489166],[25,5,1.05370533466339],[26,5,1.04397737979889],[27,5,1.03455257415771],[28,5,1.02543914318085],[29,5,1.01664543151855],[30,5,1.00818002223969],[31,5,1.00005102157593],[32,5,0.992266774177551],[33,5,0.984835505485535],[34,5,0.977765262126923],[35,5,0.971063852310181],[36,5,0.96473902463913],[37,5,0.958798170089722],[38,5,0.953248560428619],[39,5,0.948096990585327],[40,5,0.943349957466125],[41,5,0.939013719558716],[42,5,0.935093879699707],[43,5,0.931595742702484],[44,5,0.928524076938629],[45,5,0.925883054733276],[46,5,0.923676490783691],[47,5,0.921907424926758],[48,5,0.920578360557556],[49,5,0.919691264629364],[50,5,0.919247388839722],[51,5,0.919247388839722],[52,5,0.919691264629364],[53,5,0.920578360557556],[54,5,0.921907424926758],[55,5,0.923676490783691],[56,5,0.925883054733276],[57,5,0.928524076938629],[58,5,0.931595742702484],[59,5,0.935093879699707],[60,5,0.939013719558716],[61,5,0.943349957466125],[62,5,0.948096990585327],[63,5,0.953248560428619],[64,5,0.958798170089722],[65,5,0.96473902463913],[66,5,0.971063852310181],[67,5,0.977765262126923],[68,5,0.984835505485535],[69,5,0.992266774177551],[70,5,1.00005102157593],[71,5,1.00818002223969],[72,5,1.01664543151855],[73,5,1.02543914318085],[74,5,1.03455257415771],[75,5,1.04397737979889],[76,5,1.05370533466339],[77,5,1.06372797489166],[78,5,1.07403707504272],[79,5,1.08462464809418],[80,5,1.09548234939575],[81,5,1.10660243034363],[82,5,1.11797690391541],[83,5,1.12959825992584],[84,5,1.14145886898041],[85,5,1.15355122089386],[86,5,1.1658684015274],[87,5,1.17840301990509],[88,5,1.19114851951599],[89,5,1.20409798622131],[90,5,1.21724510192871],[91,5,1.23058331012726],[92,5,1.24410665035248],[93,5,1.2578090429306],[94,5,1.27168464660645],[95,5,1.28572809696198],[96,5,1.29993367195129],[97,5,1.31429624557495],[98,5,1.32881081104279],[99,5,1.34347236156464],[100,5,1.35827600955963],[1,6,1.34468686580658],[2,6,1.32973194122314],[3,6,1.31491720676422],[4,6,1.30024755001068],[5,6,1.28572809696198],[6,6,1.27136373519897],[7,6,1.25715982913971],[8,6,1.24312210083008],[9,6,1.2292560338974],[10,6,1.21556746959686],[11,6,1.20206260681152],[12,6,1.18874776363373],[13,6,1.17562913894653],[14,6,1.16271352767944],[15,6,1.15000784397125],[16,6,1.13751900196075],[17,6,1.1252543926239],[18,6,1.11322116851807],[19,6,1.10142707824707],[20,6,1.08987975120544],[21,6,1.07858729362488],[22,6,1.06755781173706],[23,6,1.05679929256439],[24,6,1.04632031917572],[25,6,1.0361293554306],[26,6,1.02623474597931],[27,6,1.01664543151855],[28,6,1.00736999511719],[29,6,0.998417258262634],[30,6,0.989795923233032],[31,6,0.981514692306519],[32,6,0.97358226776123],[33,6,0.96600729227066],[34,6,0.958798170089722],[35,6,0.951963245868683],[36,6,0.945510685443878],[37,6,0.939448237419128],[38,6,0.93378359079361],[39,6,0.928524076938629],[40,6,0.923676490783691],[41,6,0.919247388839722],[42,6,0.915242910385132],[43,6,0.911668598651886],[44,6,0.908529579639435],[45,6,0.905830264091492],[46,6,0.903574705123901],[47,6,0.901766240596771],[48,6,0.900407433509827],[49,6,0.899500489234924],[50,6,0.899046659469604],[51,6,0.899046659469604],[52,6,0.899500489234924],[53,6,0.900407433509827],[54,6,0.901766240596771],[55,6,0.903574705123901],[56,6,0.905830264091492],[57,6,0.908529579639435],[58,6,0.911668598651886],[59,6,0.915242910385132],[60,6,0.919247388839722],[61,6,0.923676490783691],[62,6,0.928524076938629],[63,6,0.93378359079361],[64,6,0.939448237419128],[65,6,0.945510685443878],[66,6,0.951963245868683],[67,6,0.958798170089722],[68,6,0.96600729227066],[69,6,0.97358226776123],[70,6,0.981514692306519],[71,6,0.989795923233032],[72,6,0.998417258262634],[73,6,1.00736999511719],[74,6,1.01664543151855],[75,6,1.02623474597931],[76,6,1.0361293554306],[77,6,1.04632031917572],[78,6,1.05679929256439],[79,6,1.06755781173706],[80,6,1.07858729362488],[81,6,1.08987975120544],[82,6,1.10142707824707],[83,6,1.11322116851807],[84,6,1.1252543926239],[85,6,1.13751900196075],[86,6,1.15000784397125],[87,6,1.16271352767944],[88,6,1.17562913894653],[89,6,1.18874776363373],[90,6,1.20206260681152],[91,6,1.21556746959686],[92,6,1.2292560338974],[93,6,1.24312210083008],[94,6,1.25715982913971],[95,6,1.27136373519897],[96,6,1.28572809696198],[97,6,1.30024755001068],[98,6,1.31491720676422],[99,6,1.32973194122314],[100,6,1.34468686580658],[1,7,1.33126556873322],[2,7,1.31615817546844],[3,7,1.30118894577026],[4,7,1.28636276721954],[5,7,1.27168464660645],[6,7,1.25715982913971],[7,7,1.24279367923737],[8,7,1.22859179973602],[9,7,1.21455979347229],[10,7,1.20070385932922],[11,7,1.18702983856201],[12,7,1.17354440689087],[13,7,1.16025388240814],[14,7,1.14716529846191],[15,7,1.13428544998169],[16,7,1.12162148952484],[17,7,1.1091810464859],[18,7,1.09697151184082],[19,7,1.085000872612],[20,7,1.07327687740326],[21,7,1.06180787086487],[22,7,1.05060219764709],[23,7,1.0396683216095],[24,7,1.02901482582092],[25,7,1.01865065097809],[26,7,1.00858473777771],[27,7,0.998825967311859],[28,7,0.989383518695831],[29,7,0.980266451835632],[30,7,0.971484065055847],[31,7,0.963045358657837],[32,7,0.954959571361542],[33,7,0.947235643863678],[34,7,0.939882576465607],[35,7,0.932909071445465],[36,7,0.926323771476746],[37,7,0.920134961605072],[38,7,0.914350688457489],[39,7,0.908978641033173],[40,7,0.90402626991272],[41,7,0.899500489234924],[42,7,0.895407676696777],[43,7,0.891753852367401],[44,7,0.88854444026947],[45,7,0.885784268379211],[46,7,0.883477568626404],[47,7,0.881627798080444],[48,7,0.880237996578217],[49,7,0.879310190677643],[50,7,0.878845930099487],[51,7,0.878845930099487],[52,7,0.879310190677643],[53,7,0.880237996578217],[54,7,0.881627798080444],[55,7,0.883477568626404],[56,7,0.885784268379211],[57,7,0.88854444026947],[58,7,0.891753852367401],[59,7,0.895407676696777],[60,7,0.899500489234924],[61,7,0.90402626991272],[62,7,0.908978641033173],[63,7,0.914350688457489],[64,7,0.920134961605072],[65,7,0.926323771476746],[66,7,0.932909071445465],[67,7,0.939882576465607],[68,7,0.947235643863678],[69,7,0.954959571361542],[70,7,0.963045358657837],[71,7,0.971484065055847],[72,7,0.980266451835632],[73,7,0.989383518695831],[74,7,0.998825967311859],[75,7,1.00858473777771],[76,7,1.01865065097809],[77,7,1.02901482582092],[78,7,1.0396683216095],[79,7,1.05060219764709],[80,7,1.06180787086487],[81,7,1.07327687740326],[82,7,1.085000872612],[83,7,1.09697151184082],[84,7,1.1091810464859],[85,7,1.12162148952484],[86,7,1.13428544998169],[87,7,1.14716529846191],[88,7,1.16025388240814],[89,7,1.17354440689087],[90,7,1.18702983856201],[91,7,1.20070385932922],[92,7,1.21455979347229],[93,7,1.22859179973602],[94,7,1.24279367923737],[95,7,1.25715982913971],[96,7,1.27168464660645],[97,7,1.28636276721954],[98,7,1.30118894577026],[99,7,1.31615817546844],[100,7,1.33126556873322],[1,8,1.31801736354828],[2,8,1.30275619029999],[3,8,1.28763115406036],[4,8,1.27264714241028],[5,8,1.2578090429306],[6,8,1.24312210083008],[7,8,1.22859179973602],[8,8,1.21422374248505],[9,8,1.20002377033234],[10,8,1.18599796295166],[11,8,1.17215251922607],[12,8,1.15849387645721],[13,8,1.1450287103653],[14,8,1.13176393508911],[15,8,1.11870682239532],[16,8,1.10586452484131],[17,8,1.09324479103088],[18,8,1.08085525035858],[19,8,1.06870400905609],[20,8,1.05679929256439],[21,8,1.04514956474304],[22,8,1.0337632894516],[23,8,1.02264928817749],[24,8,1.01181674003601],[25,8,1.00127458572388],[26,8,0.991032123565674],[27,8,0.981098771095276],[28,8,0.971484065055847],[29,8,0.962197422981262],[30,8,0.953248560428619],[31,8,0.944646954536438],[32,8,0.936402320861816],[33,8,0.928524076938629],[34,8,0.921021580696106],[35,8,0.913904190063477],[36,8,0.907180905342102],[37,8,0.900860607624054],[38,8,0.89495176076889],[39,8,0.889462649822235],[40,8,0.884400963783264],[41,8,0.879774212837219],[42,8,0.875589191913605],[43,8,0.871852338314056],[44,8,0.868569433689117],[45,8,0.865745544433594],[46,8,0.863385260105133],[47,8,0.861492395401001],[48,8,0.860069990158081],[49,8,0.859120428562164],[50,8,0.858645260334015],[51,8,0.858645260334015],[52,8,0.859120428562164],[53,8,0.860069990158081],[54,8,0.861492395401001],[55,8,0.863385260105133],[56,8,0.865745544433594],[57,8,0.868569433689117],[58,8,0.871852338314056],[59,8,0.875589191913605],[60,8,0.879774212837219],[61,8,0.884400963783264],[62,8,0.889462649822235],[63,8,0.89495176076889],[64,8,0.900860607624054],[65,8,0.907180905342102],[66,8,0.913904190063477],[67,8,0.921021580696106],[68,8,0.928524076938629],[69,8,0.936402320861816],[70,8,0.944646954536438],[71,8,0.953248560428619],[72,8,0.962197422981262],[73,8,0.971484065055847],[74,8,0.981098771095276],[75,8,0.991032123565674],[76,8,1.00127458572388],[77,8,1.01181674003601],[78,8,1.02264928817749],[79,8,1.0337632894516],[80,8,1.04514956474304],[81,8,1.05679929256439],[82,8,1.06870400905609],[83,8,1.08085525035858],[84,8,1.09324479103088],[85,8,1.10586452484131],[86,8,1.11870682239532],[87,8,1.13176393508911],[88,8,1.1450287103653],[89,8,1.15849387645721],[90,8,1.17215251922607],[91,8,1.18599796295166],[92,8,1.20002377033234],[93,8,1.21422374248505],[94,8,1.22859179973602],[95,8,1.24312210083008],[96,8,1.2578090429306],[97,8,1.27264714241028],[98,8,1.28763115406036],[99,8,1.30275619029999],[100,8,1.31801736354828],[1,9,1.30494725704193],[2,9,1.28953146934509],[3,9,1.27424955368042],[4,9,1.25910615921021],[5,9,1.24410665035248],[6,9,1.2292560338974],[7,9,1.21455979347229],[8,9,1.20002377033234],[9,9,1.18565380573273],[10,9,1.17145586013794],[11,9,1.1574364900589],[12,9,1.14360213279724],[13,9,1.12995946407318],[14,9,1.11651575565338],[15,9,1.10327816009521],[16,9,1.09025418758392],[17,9,1.07745158672333],[18,9,1.06487834453583],[19,9,1.0525426864624],[20,9,1.04045307636261],[21,9,1.0286180973053],[22,9,1.01704680919647],[23,9,1.00574815273285],[24,9,0.994731545448303],[25,9,0.984006345272064],[26,9,0.97358226776123],[27,9,0.9634690284729],[28,9,0.953676581382751],[29,9,0.944214820861816],[30,9,0.935093879699707],[31,9,0.926323771476746],[32,9,0.917914509773254],[33,9,0.909876227378845],[34,9,0.902218699455261],[35,9,0.89495176076889],[36,9,0.888085007667542],[37,9,0.881627798080444],[38,9,0.875589191913605],[39,9,0.86997789144516],[40,9,0.864802241325378],[41,9,0.860069990158081],[42,9,0.85578864812851],[43,9,0.851964950561523],[44,9,0.848605096340179],[45,9,0.845714569091797],[46,9,0.843298256397247],[47,9,0.841360151767731],[48,9,0.839903712272644],[49,9,0.838931322097778],[50,9,0.838444709777832],[51,9,0.838444709777832],[52,9,0.838931322097778],[53,9,0.839903712272644],[54,9,0.841360151767731],[55,9,0.843298256397247],[56,9,0.845714569091797],[57,9,0.848605096340179],[58,9,0.851964950561523],[59,9,0.85578864812851],[60,9,0.860069990158081],[61,9,0.864802241325378],[62,9,0.86997789144516],[63,9,0.875589191913605],[64,9,0.881627798080444],[65,9,0.888085007667542],[66,9,0.89495176076889],[67,9,0.902218699455261],[68,9,0.909876227378845],[69,9,0.917914509773254],[70,9,0.926323771476746],[71,9,0.935093879699707],[72,9,0.944214820861816],[73,9,0.953676581382751],[74,9,0.9634690284729],[75,9,0.97358226776123],[76,9,0.984006345272064],[77,9,0.994731545448303],[78,9,1.00574815273285],[79,9,1.01704680919647],[80,9,1.0286180973053],[81,9,1.04045307636261],[82,9,1.0525426864624],[83,9,1.06487834453583],[84,9,1.07745158672333],[85,9,1.09025418758392],[86,9,1.10327816009521],[87,9,1.11651575565338],[88,9,1.12995946407318],[89,9,1.14360213279724],[90,9,1.1574364900589],[91,9,1.17145586013794],[92,9,1.18565380573273],[93,9,1.20002377033234],[94,9,1.21455979347229],[95,9,1.2292560338974],[96,9,1.24410665035248],[97,9,1.25910615921021],[98,9,1.27424955368042],[99,9,1.28953146934509],[100,9,1.30494725704193],[1,10,1.29206097126007],[2,10,1.27648949623108],[3,10,1.26104950904846],[4,10,1.2457457780838],[5,10,1.23058331012726],[6,10,1.21556746959686],[7,10,1.20070385932922],[8,10,1.18599796295166],[9,10,1.17145586013794],[10,10,1.15708386898041],[11,10,1.14288806915283],[12,10,1.1288754940033],[13,10,1.11505270004272],[14,10,1.10142707824707],[15,10,1.088005900383],[16,10,1.07479679584503],[17,10,1.06180787086487],[18,10,1.0490471124649],[19,10,1.03652310371399],[20,10,1.02424442768097],[21,10,1.01222002506256],[22,10,1.00045907497406],[23,10,0.988970935344696],[24,10,0.977765262126923],[25,10,0.966851890087128],[26,10,0.956240832805634],[27,10,0.945942223072052],[28,10,0.935966372489929],[29,10,0.926323771476746],[30,10,0.917024850845337],[31,10,0.908080220222473],[32,10,0.899500489234924],[33,10,0.891296088695526],[34,10,0.883477568626404],[35,10,0.876055181026459],[36,10,0.869039177894592],[37,10,0.862439334392548],[38,10,0.856265425682068],[39,10,0.850526630878448],[40,10,0.845231831073761],[41,10,0.840389490127563],[42,10,0.836007356643677],[43,10,0.832092761993408],[44,10,0.828652322292328],[45,10,0.825691938400269],[46,10,0.82321685552597],[47,10,0.821231365203857],[48,10,0.819739162921906],[49,10,0.81874281167984],[50,10,0.818244159221649],[51,10,0.818244159221649],[52,10,0.81874281167984],[53,10,0.819739162921906],[54,10,0.821231365203857],[55,10,0.82321685552597],[56,10,0.825691938400269],[57,10,0.828652322292328],[58,10,0.832092761993408],[59,10,0.836007356643677],[60,10,0.840389490127563],[61,10,0.845231831073761],[62,10,0.850526630878448],[63,10,0.856265425682068],[64,10,0.862439334392548],[65,10,0.869039177894592],[66,10,0.876055181026459],[67,10,0.883477568626404],[68,10,0.891296088695526],[69,10,0.899500489234924],[70,10,0.908080220222473],[71,10,0.917024850845337],[72,10,0.926323771476746],[73,10,0.935966372489929],[74,10,0.945942223072052],[75,10,0.956240832805634],[76,10,0.966851890087128],[77,10,0.977765262126923],[78,10,0.988970935344696],[79,10,1.00045907497406],[80,10,1.01222002506256],[81,10,1.02424442768097],[82,10,1.03652310371399],[83,10,1.0490471124649],[84,10,1.06180787086487],[85,10,1.07479679584503],[86,10,1.088005900383],[87,10,1.10142707824707],[88,10,1.11505270004272],[89,10,1.1288754940033],[90,10,1.14288806915283],[91,10,1.15708386898041],[92,10,1.17145586013794],[93,10,1.18599796295166],[94,10,1.20070385932922],[95,10,1.21556746959686],[96,10,1.23058331012726],[97,10,1.2457457780838],[98,10,1.26104950904846],[99,10,1.27648949623108],[100,10,1.29206097126007],[1,11,1.27936375141144],[2,11,1.26363599300385],[3,11,1.24803698062897],[4,11,1.23257160186768],[5,11,1.21724510192871],[6,11,1.20206260681152],[7,11,1.18702983856201],[8,11,1.17215251922607],[9,11,1.1574364900589],[10,11,1.14288806915283],[11,11,1.1285138130188],[12,11,1.11432039737701],[13,11,1.10031485557556],[14,11,1.08650434017181],[15,11,1.07289659976959],[16,11,1.05949914455414],[17,11,1.04632031917572],[18,11,1.03336834907532],[19,11,1.02065193653107],[20,11,1.00818002223969],[21,11,0.995961666107178],[22,11,0.984006345272064],[23,11,0.972323894500732],[24,11,0.96092414855957],[25,11,0.94981724023819],[26,11,0.939013719558716],[27,11,0.928524076938629],[28,11,0.918359041213989],[29,11,0.908529579639435],[30,11,0.899046659469604],[31,11,0.889921367168427],[32,11,0.881164789199829],[33,11,0.872788071632385],[34,11,0.864802241325378],[35,11,0.857218146324158],[36,11,0.850046634674072],[37,11,0.843298256397247],[38,11,0.836983144283295],[39,11,0.831111192703247],[40,11,0.825691938400269],[41,11,0.820734262466431],[42,11,0.816246628761292],[43,11,0.812236785888672],[44,11,0.808711886405945],[45,11,0.805678248405457],[46,11,0.803141474723816],[47,11,0.80110627412796],[48,11,0.799576461315155],[49,11,0.798554956912994],[50,11,0.798043727874756],[51,11,0.798043727874756],[52,11,0.798554956912994],[53,11,0.799576461315155],[54,11,0.80110627412796],[55,11,0.803141474723816],[56,11,0.805678248405457],[57,11,0.808711886405945],[58,11,0.812236785888672],[59,11,0.816246628761292],[60,11,0.820734262466431],[61,11,0.825691938400269],[62,11,0.831111192703247],[63,11,0.836983144283295],[64,11,0.843298256397247],[65,11,0.850046634674072],[66,11,0.857218146324158],[67,11,0.864802241325378],[68,11,0.872788071632385],[69,11,0.881164789199829],[70,11,0.889921367168427],[71,11,0.899046659469604],[72,11,0.908529579639435],[73,11,0.918359041213989],[74,11,0.928524076938629],[75,11,0.939013719558716],[76,11,0.94981724023819],[77,11,0.96092414855957],[78,11,0.972323894500732],[79,11,0.984006345272064],[80,11,0.995961666107178],[81,11,1.00818002223969],[82,11,1.02065193653107],[83,11,1.03336834907532],[84,11,1.04632031917572],[85,11,1.05949914455414],[86,11,1.07289659976959],[87,11,1.08650434017181],[88,11,1.10031485557556],[89,11,1.11432039737701],[90,11,1.1285138130188],[91,11,1.14288806915283],[92,11,1.1574364900589],[93,11,1.17215251922607],[94,11,1.18702983856201],[95,11,1.20206260681152],[96,11,1.21724510192871],[97,11,1.23257160186768],[98,11,1.24803698062897],[99,11,1.26363599300385],[100,11,1.27936375141144],[1,12,1.26686155796051],[2,12,1.2509765625],[3,12,1.23521769046783],[4,12,1.21958982944489],[5,12,1.20409798622131],[6,12,1.18874776363373],[7,12,1.17354440689087],[8,12,1.15849387645721],[9,12,1.14360213279724],[10,12,1.1288754940033],[11,12,1.11432039737701],[12,12,1.09994387626648],[13,12,1.08575284481049],[14,12,1.07175481319427],[15,12,1.05795729160309],[16,12,1.04436826705933],[17,12,1.03099596500397],[18,12,1.01784908771515],[19,12,1.00493633747101],[20,12,0.992266774177551],[21,12,0.979850053787231],[22,12,0.967695772647858],[23,12,0.955813944339752],[24,12,0.944214820861816],[25,12,0.932909071445465],[26,12,0.921907424926758],[27,12,0.911220848560333],[28,12,0.900860607624054],[29,12,0.890838086605072],[30,12,0.881164789199829],[31,12,0.871852338314056],[32,12,0.862912476062775],[33,12,0.85435676574707],[34,12,0.846197009086609],[35,12,0.838444709777832],[36,12,0.831111192703247],[37,12,0.824207782745361],[38,12,0.817745208740234],[39,12,0.811734139919281],[40,12,0.806184649467468],[41,12,0.80110627412796],[42,12,0.796508014202118],[43,12,0.7923983335495],[44,12,0.788784742355347],[45,12,0.785674214363098],[46,12,0.783072650432587],[47,12,0.780985116958618],[48,12,0.779415845870972],[49,12,0.778367877006531],[50,12,0.777843356132507],[51,12,0.777843356132507],[52,12,0.778367877006531],[53,12,0.779415845870972],[54,12,0.780985116958618],[55,12,0.783072650432587],[56,12,0.785674214363098],[57,12,0.788784742355347],[58,12,0.7923983335495],[59,12,0.796508014202118],[60,12,0.80110627412796],[61,12,0.806184649467468],[62,12,0.811734139919281],[63,12,0.817745208740234],[64,12,0.824207782745361],[65,12,0.831111192703247],[66,12,0.838444709777832],[67,12,0.846197009086609],[68,12,0.85435676574707],[69,12,0.862912476062775],[70,12,0.871852338314056],[71,12,0.881164789199829],[72,12,0.890838086605072],[73,12,0.900860607624054],[74,12,0.911220848560333],[75,12,0.921907424926758],[76,12,0.932909071445465],[77,12,0.944214820861816],[78,12,0.955813944339752],[79,12,0.967695772647858],[80,12,0.979850053787231],[81,12,0.992266774177551],[82,12,1.00493633747101],[83,12,1.01784908771515],[84,12,1.03099596500397],[85,12,1.04436826705933],[86,12,1.05795729160309],[87,12,1.07175481319427],[88,12,1.08575284481049],[89,12,1.09994387626648],[90,12,1.11432039737701],[91,12,1.1288754940033],[92,12,1.14360213279724],[93,12,1.15849387645721],[94,12,1.17354440689087],[95,12,1.18874776363373],[96,12,1.20409798622131],[97,12,1.21958982944489],[98,12,1.23521769046783],[99,12,1.2509765625],[100,12,1.26686155796051],[1,13,1.25456011295319],[2,13,1.23851728439331],[3,13,1.22259783744812],[4,13,1.2068065404892],[5,13,1.19114851951599],[6,13,1.17562913894653],[7,13,1.16025388240814],[8,13,1.1450287103653],[9,13,1.12995946407318],[10,13,1.11505270004272],[11,13,1.10031485557556],[12,13,1.08575284481049],[13,13,1.07137393951416],[14,13,1.05718541145325],[15,13,1.04319524765015],[16,13,1.02941143512726],[17,13,1.01584231853485],[18,13,1.00249660015106],[19,13,0.989383518695831],[20,13,0.976512253284454],[21,13,0.963892579078674],[22,13,0.951534450054169],[23,13,0.939448237419128],[24,13,0.927644550800323],[25,13,0.916134357452393],[26,13,0.904928743839264],[27,13,0.894039273262024],[28,13,0.883477568626404],[29,13,0.873255550861359],[30,13,0.863385260105133],[31,13,0.853878974914551],[32,13,0.844748854637146],[33,13,0.836007356643677],[34,13,0.827666699886322],[35,13,0.819739162921906],[36,13,0.812236785888672],[37,13,0.805171549320221],[38,13,0.798554956912994],[39,13,0.7923983335495],[40,13,0.786712408065796],[41,13,0.78150749206543],[42,13,0.776793301105499],[43,13,0.772578716278076],[44,13,0.768872022628784],[45,13,0.765680551528931],[46,13,0.763010799884796],[47,13,0.7608682513237],[48,13,0.759257376194],[49,13,0.758181571960449],[50,13,0.757643103599548],[51,13,0.757643103599548],[52,13,0.758181571960449],[53,13,0.759257376194],[54,13,0.7608682513237],[55,13,0.763010799884796],[56,13,0.765680551528931],[57,13,0.768872022628784],[58,13,0.772578716278076],[59,13,0.776793301105499],[60,13,0.78150749206543],[61,13,0.786712408065796],[62,13,0.7923983335495],[63,13,0.798554956912994],[64,13,0.805171549320221],[65,13,0.812236785888672],[66,13,0.819739162921906],[67,13,0.827666699886322],[68,13,0.836007356643677],[69,13,0.844748854637146],[70,13,0.853878974914551],[71,13,0.863385260105133],[72,13,0.873255550861359],[73,13,0.883477568626404],[74,13,0.894039273262024],[75,13,0.904928743839264],[76,13,0.916134357452393],[77,13,0.927644550800323],[78,13,0.939448237419128],[79,13,0.951534450054169],[80,13,0.963892579078674],[81,13,0.976512253284454],[82,13,0.989383518695831],[83,13,1.00249660015106],[84,13,1.01584231853485],[85,13,1.02941143512726],[86,13,1.04319524765015],[87,13,1.05718541145325],[88,13,1.07137393951416],[89,13,1.08575284481049],[90,13,1.10031485557556],[91,13,1.11505270004272],[92,13,1.12995946407318],[93,13,1.1450287103653],[94,13,1.16025388240814],[95,13,1.17562913894653],[96,13,1.19114851951599],[97,13,1.2068065404892],[98,13,1.22259783744812],[99,13,1.23851728439331],[100,13,1.25456011295319],[1,14,1.24246525764465],[2,14,1.22626423835754],[3,14,1.21018362045288],[4,14,1.19422817230225],[5,14,1.17840301990509],[6,14,1.16271352767944],[7,14,1.14716529846191],[8,14,1.13176393508911],[9,14,1.11651575565338],[10,14,1.10142707824707],[11,14,1.08650434017181],[12,14,1.07175481319427],[13,14,1.05718541145325],[14,14,1.04280388355255],[15,14,1.0286180973053],[16,14,1.01463627815247],[17,14,1.00086688995361],[18,14,0.987318813800812],[19,14,0.974001407623291],[20,14,0.96092414855957],[21,14,0.948096990585327],[22,14,0.935530245304108],[23,14,0.923234522342682],[24,14,0.911220848560333],[25,14,0.899500489234924],[26,14,0.888085007667542],[27,14,0.876986443996429],[28,14,0.866216838359833],[29,14,0.85578864812851],[30,14,0.845714569091797],[31,14,0.836007356643677],[32,14,0.826679885387421],[33,14,0.817745208740234],[34,14,0.809216380119324],[35,14,0.80110627412796],[36,14,0.793427765369415],[37,14,0.786193490028381],[38,14,0.779415845870972],[39,14,0.773106813430786],[40,14,0.767277956008911],[41,14,0.76194030046463],[42,14,0.757104218006134],[43,14,0.752779424190521],[44,14,0.748974740505219],[45,14,0.745698153972626],[46,14,0.742956578731537],[47,14,0.740756034851074],[48,14,0.739101350307465],[49,14,0.737996160984039],[50,14,0.737442910671234],[51,14,0.737442910671234],[52,14,0.737996160984039],[53,14,0.739101350307465],[54,14,0.740756034851074],[55,14,0.742956578731537],[56,14,0.745698153972626],[57,14,0.748974740505219],[58,14,0.752779424190521],[59,14,0.757104218006134],[60,14,0.76194030046463],[61,14,0.767277956008911],[62,14,0.773106813430786],[63,14,0.779415845870972],[64,14,0.786193490028381],[65,14,0.793427765369415],[66,14,0.80110627412796],[67,14,0.809216380119324],[68,14,0.817745208740234],[69,14,0.826679885387421],[70,14,0.836007356643677],[71,14,0.845714569091797],[72,14,0.85578864812851],[73,14,0.866216838359833],[74,14,0.876986443996429],[75,14,0.888085007667542],[76,14,0.899500489234924],[77,14,0.911220848560333],[78,14,0.923234522342682],[79,14,0.935530245304108],[80,14,0.948096990585327],[81,14,0.96092414855957],[82,14,0.974001407623291],[83,14,0.987318813800812],[84,14,1.00086688995361],[85,14,1.01463627815247],[86,14,1.0286180973053],[87,14,1.04280388355255],[88,14,1.05718541145325],[89,14,1.07175481319427],[90,14,1.08650434017181],[91,14,1.10142707824707],[92,14,1.11651575565338],[93,14,1.13176393508911],[94,14,1.14716529846191],[95,14,1.16271352767944],[96,14,1.17840301990509],[97,14,1.19422817230225],[98,14,1.21018362045288],[99,14,1.22626423835754],[100,14,1.24246525764465],[1,15,1.23058331012726],[2,15,1.21422374248505],[3,15,1.19798147678375],[4,15,1.18186140060425],[5,15,1.1658684015274],[6,15,1.15000784397125],[7,15,1.13428544998169],[8,15,1.11870682239532],[9,15,1.10327816009521],[10,15,1.088005900383],[11,15,1.07289659976959],[12,15,1.05795729160309],[13,15,1.04319524765015],[14,15,1.0286180973053],[15,15,1.01423394680023],[16,15,1.00005102157593],[17,15,0.986077964305878],[18,15,0.972323894500732],[19,15,0.958798170089722],[20,15,0.945510685443878],[21,15,0.932471513748169],[22,15,0.919691264629364],[23,15,0.907180905342102],[24,15,0.89495176076889],[25,15,0.883015513420105],[26,15,0.871384143829346],[27,15,0.860069990158081],[28,15,0.849085867404938],[29,15,0.838444709777832],[30,15,0.828159630298615],[31,15,0.818244159221649],[32,15,0.808711886405945],[33,15,0.799576461315155],[34,15,0.790851652622223],[35,15,0.782551288604736],[36,15,0.774688839912415],[37,15,0.767277956008911],[38,15,0.760331690311432],[39,15,0.753862977027893],[40,15,0.747884154319763],[41,15,0.742407083511353],[42,15,0.737442910671234],[43,15,0.733002126216888],[44,15,0.729094266891479],[45,15,0.72572785615921],[46,15,0.722910583019257],[47,15,0.72064882516861],[48,15,0.718947887420654],[49,15,0.717811644077301],[50,15,0.717242836952209],[51,15,0.717242836952209],[52,15,0.717811644077301],[53,15,0.718947887420654],[54,15,0.72064882516861],[55,15,0.722910583019257],[56,15,0.72572785615921],[57,15,0.729094266891479],[58,15,0.733002126216888],[59,15,0.737442910671234],[60,15,0.742407083511353],[61,15,0.747884154319763],[62,15,0.753862977027893],[63,15,0.760331690311432],[64,15,0.767277956008911],[65,15,0.774688839912415],[66,15,0.782551288604736],[67,15,0.790851652622223],[68,15,0.799576461315155],[69,15,0.808711886405945],[70,15,0.818244159221649],[71,15,0.828159630298615],[72,15,0.838444709777832],[73,15,0.849085867404938],[74,15,0.860069990158081],[75,15,0.871384143829346],[76,15,0.883015513420105],[77,15,0.89495176076889],[78,15,0.907180905342102],[79,15,0.919691264629364],[80,15,0.932471513748169],[81,15,0.945510685443878],[82,15,0.958798170089722],[83,15,0.972323894500732],[84,15,0.986077964305878],[85,15,1.00005102157593],[86,15,1.01423394680023],[87,15,1.0286180973053],[88,15,1.04319524765015],[89,15,1.05795729160309],[90,15,1.07289659976959],[91,15,1.088005900383],[92,15,1.10327816009521],[93,15,1.11870682239532],[94,15,1.13428544998169],[95,15,1.15000784397125],[96,15,1.1658684015274],[97,15,1.18186140060425],[98,15,1.19798147678375],[99,15,1.21422374248505],[100,15,1.23058331012726],[1,16,1.21892035007477],[2,16,1.20240211486816],[3,16,1.18599796295166],[4,16,1.16971266269684],[5,16,1.15355122089386],[6,16,1.13751900196075],[7,16,1.12162148952484],[8,16,1.10586452484131],[9,16,1.09025418758392],[10,16,1.07479679584503],[11,16,1.05949914455414],[12,16,1.04436826705933],[13,16,1.02941143512726],[14,16,1.01463627815247],[15,16,1.00005102157593],[16,16,0.985664010047913],[17,16,0.971484065055847],[18,16,0.957520365715027